image_width: 1440
image_height: 1080
camera_matrix:
  rows: 3
  cols: 3
  data: [1738.3586403799327, 0.0, 724.7904096784737, 0.0, 1737.6050166565872, 493.3731832977721,
    0.0, 0.0, 1.0]
distortion_coefficients:
  rows: 1
  cols: 5
  data: [-0.22939578483061654, -0.40248069905261274, -0.0010788431983495281, -0.0001186736510755584,
    1.9671228978693216]
rectification_matrix:
  rows: 3
  cols: 3
  data: [1.0, 0.0, 0.0, 0.0, 1.0, 0.0, 0.0, 0.0, 1.0]
projection_matrix:
  rows: 3
  cols: 4
  data: [1738.358642578125, 0.0, 724.7904052734375, 0.0, 0.0, 1737.60498046875, 493.3731689453125,
    0.0, 0.0, 0.0, 1.0, 0.0]
transforms: {}
