image_width: 1440
image_height: 1080
camera_matrix:
  rows: 3
  cols: 3
  data: [1737.437744140625, 0.0, 702.4932861328125, 0.0, 1737.693115234375, 498.2574157714844,
    0.0, 0.0, 1.0]
distortion_coefficients:
  rows: 1
  cols: 5
  data: [-0.2760048806667328, 0.14423075318336487, -0.00028400131850503385, -1.1839410035463516e-05,
    0.01173511240631342]
rectification_matrix:
  rows: 3
  cols: 3
  data: [0.9997503056308114, -0.01948837925561075, -0.010932953173268457, 0.019510626484079585,
    0.9998077831066412, 0.0019319144863024934, 0.010893201792775767, -0.002144740863865068,
    0.9999383672213646]
projection_matrix:
  rows: 3
  cols: 4
  data: [1712.7025055458573, 0.0, 731.3266143798828, 0.0, 0.0, 1712.7025055458573,
    490.9961700439453, 0.0, 0.0, 0.0, 1.0, 0.0]
transforms:
  firefly_right:
    R: [0.9999943375587463, 0.002175550442188978, 0.0025561139918863773, -0.0021892087534070015,
      0.9999832510948181, 0.005352810025215149, -0.002544425893574953, -0.005358375608921051,
      0.9999824166297913]
    t: [-0.05945175513625145, 0.000492228427901864, 0.0006771498010493815]
  ximea:
    R: [0.999977707862854, 0.006375205237418413, -0.0019999584183096886, -0.00637778639793396,
      0.9999788403511047, -0.0012869203928858042, 0.001991711789742112, 0.0012996469158679247,
      0.9999971985816956]
    t: [-0.02966836281120777, -0.037848759442567825, 0.0020245006307959557]
  zed_left:
    R: [0.9998897314071655, 0.00399005925282836, 0.01430478785187006, -0.003953130450099707,
      0.9999887943267822, -0.0026089027523994446, -0.014315037056803703, 0.0025520664639770985,
      0.9998942613601685]
    t: [0.030329640954732895, -0.0717291310429573, -0.008313805796205997]
  zed_right:
    R: [0.9999457597732544, 0.003944663796573877, 0.009640936739742756, -0.003914529923349619,
      0.9999874234199524, -0.0031424895860254765, -0.009653211571276188, 0.0031045794021338224,
      0.9999485611915588]
    t: [-0.09129549562931061, -0.07107976078987122, -0.011537221260368824]
