image_width: 1440
image_height: 1080
camera_matrix:
  rows: 3
  cols: 3
  data: [1737.232170667154, 0.0, 726.2480926567124, 0.0, 1734.4835277629297, 494.62672096963973,
    0.0, 0.0, 1.0]
distortion_coefficients:
  rows: 1
  cols: 5
  data: [-0.2686089205860596, -0.1520976734036411, 0.00010248146147946587, 0.0007767579528229722,
    1.9708459295226126]
rectification_matrix:
  rows: 3
  cols: 3
  data: [1.0, 0.0, 0.0, 0.0, 1.0, 0.0, 0.0, 0.0, 1.0]
projection_matrix:
  rows: 3
  cols: 4
  data: [1737.232177734375, 0.0, 726.2481079101562, 0.0, 0.0, 1734.4835205078125,
    494.626708984375, 0.0, 0.0, 0.0, 1.0, 0.0]
transforms: {}
