image_width: 1440
image_height: 1080
camera_matrix:
  rows: 3
  cols: 3
  data: [1737.2321708956629, 0.0, 726.2480961422623, 0.0, 1734.4835278891371, 494.6267212499272,
    0.0, 0.0, 1.0]
distortion_coefficients:
  rows: 1
  cols: 5
  data: [-0.2686089389750416, -0.15209732942352036, 0.00010248167139751743, 0.0007767581132510343,
    1.9708441568528607]
rectification_matrix:
  rows: 3
  cols: 3
  data: [0.9995604341442484, -0.0009206084873358912, 0.029632599841637994, 0.0009658179471148827,
    0.9999983914474538, -0.0015113894924176788, -0.029631160778049698, 0.0015393448339488173,
    0.9995597154389664]
projection_matrix:
  rows: 3
  cols: 4
  data: [1709.971316139696, 0.0, 658.1529922485352, -102.32840601056952, 0.0, 1709.971316139696,
    492.30353927612305, 0.0, 0.0, 0.0, 1.0, 0.0]
transforms: {}
