image_width: 1440
image_height: 1080
camera_matrix:
  rows: 3
  cols: 3
  data: [1741.06787109375, 0.0, 709.423828125, 0.0, 1740.7357177734375, 494.50140380859375,
    0.0, 0.0, 1.0]
distortion_coefficients:
  rows: 1
  cols: 5
  data: [-0.2781331241130829, 0.09630586206912994, 0.0005877419025637209, 0.00012962697655893862,
    0.17755019664764404]
rectification_matrix:
  rows: 3
  cols: 3
  data: [0.999649933171658, -0.02209252667306177, -0.014557862999069648, 0.022062802619457623,
    0.9997541677920702, -0.0021992550920941017, 0.014602871309248784, 0.001877297947929734,
    0.9998916100767824]
projection_matrix:
  rows: 3
  cols: 4
  data: [1712.7025055458573, 0.0, 731.3266143798828, -103.19905107566935, 0.0, 1712.7025055458573,
    490.9961700439453, 0.0, 0.0, 0.0, 1.0, 0.0]
transforms: {}
