image_width: 409
image_height: 216
camera_matrix:
  rows: 3
  cols: 3
  data: [592.2732403209336, 0.0, 201.40938605297475, 0.0, 591.3397337991423, 113.94686405910123,
    0.0, 0.0, 1.0]
distortion_coefficients:
  rows: 1
  cols: 5
  data: [-0.07948225014368658, 0.9242511200805702, 0.0010675346272295287, -0.0014836650464683395,
    -14.040832703291017]
rectification_matrix:
  rows: 3
  cols: 3
  data: [1.0, 0.0, 0.0, 0.0, 1.0, 0.0, 0.0, 0.0, 1.0]
projection_matrix:
  rows: 3
  cols: 4
  data: [592.2732543945312, 0.0, 201.40939331054688, 0.0, 0.0, 591.3397216796875,
    113.94686126708984, 0.0, 0.0, 0.0, 1.0, 0.0]
transforms:
  firefly_left:
    R: [0.9998738173535814, -0.007090777762260198, -0.014215141276228277, 0.0071788791717432845,
      0.9999552808413154, 0.006156298514821593, 0.014170852642463087, -0.006257570478414156,
      0.9998800076744675]
    t: [0.0301785603517628, 0.04150700850571619, -0.008394768336414879]
