image_width: 409
image_height: 216
camera_matrix:
  rows: 3
  cols: 3
  data: [584.9521484375, 0.0, 203.10739135742188, 0.0, 584.7064208984375, 109.18833923339844,
    0.0, 0.0, 1.0]
distortion_coefficients:
  rows: 1
  cols: 5
  data: [-0.12509341537952423, 0.25815531611442566, 0.0005111658247187734, 0.001368437777273357,
    -0.29826250672340393]
rectification_matrix:
  rows: 3
  cols: 3
  data: [1.0, 0.0, 0.0, 0.0, 1.0, 0.0, 0.0, 0.0, 1.0]
projection_matrix:
  rows: 3
  cols: 4
  data: [584.9521484375, 0.0, 203.10739135742188, 0.0, 0.0, 584.7064208984375, 109.18833923339844,
    0.0, 0.0, 0.0, 1.0, 0.0]
transforms:
  firefly_left:
    R: [0.999977707862854, -0.006377652287483215, 0.0019921883940696716, 0.006375071592628956,
      0.9999788403511047, 0.0012991443509235978, -0.002000431763008237, -0.0012864150339737535,
      0.9999971985816956]
    t: [0.029421987012028694, 0.038034770637750626, -0.002132553607225418]
  firefly_right:
    R: [0.9999797940254211, -0.004224173258990049, 0.004749173764139414, 0.004191480576992035,
      0.9999675750732422, 0.006872857920825481, -0.004778051748871803, -0.0068528130650520325,
      0.9999651312828064]
    t: [-0.03010500967502594, 0.038330476731061935, -0.0017445178236812353]
  zed_left:
    R: [0.9998601675033569, -0.0024385361466556787, 0.016545627266168594, 0.0024575942661613226,
      0.9999963641166687, -0.0011316093150526285, -0.01654280722141266, 0.0011721134651452303,
      0.9998624920845032]
    t: [0.05954298377037048, -0.03401963412761688, -0.010582223534584045]
  zed_right:
    R: [0.9999346137046814, -0.002435186179354787, 0.01117053721100092, 0.0024508635979145765,
      0.9999960064888, -0.0013899776386097074, -0.011167108081281185, 0.0014172642258927226,
      0.9999366402626038]
    t: [-0.06155243143439293, -0.03356873244047165, -0.013352247886359692]
