image_width: 2208
image_height: 1242
camera_matrix:
  rows: 3
  cols: 3
  data: [1053.6373291015625, 0.0, 1121.0018310546875, 0.0, 1053.4979248046875, 638.44140625,
    0.0, 0.0, 1.0]
distortion_coefficients:
  rows: 1
  cols: 5
  data: [-0.010482124984264374, 0.006890734191983938, 6.142262282082811e-05, -0.0016553301829844713,
    -0.003912337590008974]
rectification_matrix:
  rows: 3
  cols: 3
  data: [0.9995853304862976, -0.0025020414032042027, 0.02868642285466194, 0.002500280737876892,
    0.9999968409538269, 9.724051778903231e-05, -0.028686577454209328, -2.5476081646047533e-05,
    0.9995884299278259]
projection_matrix:
  rows: 3
  cols: 4
  data: [1086.380126953125, 0.0, 1053.57373046875, -130.6466522216797, 0.0, 1086.380126953125,
    639.4945678710938, 0.0, 0.0, 0.0, 1.0, 0.0]
transforms: {}
