image_width: 2208
image_height: 1242
camera_matrix:
  rows: 3
  cols: 3
  data: [1048.730509275426, 0.0, 1133.2164111370914, 0.0, 1049.9606319891432, 637.9925903593555,
    0.0, 0.0, 1.0]
distortion_coefficients:
  rows: 1
  cols: 5
  data: [-0.02324267361938387, 0.030768407544153456, 0.001316575322407587, 0.00589282712303632,
    0.02764145902436549]
rectification_matrix:
  rows: 3
  cols: 3
  data: [1.0, 0.0, 0.0, 0.0, 1.0, 0.0, 0.0, 0.0, 1.0]
projection_matrix:
  rows: 3
  cols: 4
  data: [1048.73046875, 0.0, 1133.2164306640625, 0.0, 0.0, 1049.9605712890625, 637.9926147460938,
    0.0, 0.0, 0.0, 1.0, 0.0]
transforms: {}
