image_width: 2208
image_height: 1242
camera_matrix:
  rows: 3
  cols: 3
  data: [1058.4044189453125, 0.0, 1113.6253662109375, 0.0, 1058.6551513671875, 639.07958984375,
    0.0, 0.0, 1.0]
distortion_coefficients:
  rows: 1
  cols: 5
  data: [0.0012082327157258987, -0.01067094411700964, 0.00037703319685533643, -0.002059676917269826,
    0.004710592329502106]
rectification_matrix:
  rows: 3
  cols: 3
  data: [0.9997535347938538, -0.002346480032429099, 0.022075317800045013, 0.002347834873944521,
    0.9999972581863403, -3.5450648283585906e-05, -0.022075172513723373, 8.727110980544239e-05,
    0.9997563362121582]
projection_matrix:
  rows: 3
  cols: 4
  data: [1086.380126953125, 0.0, 1053.57373046875, 0.0, 0.0, 1086.380126953125, 639.4945678710938,
    0.0, 0.0, 0.0, 1.0, 0.0]
transforms: {}
