image_width: 2208
image_height: 1242
camera_matrix:
  rows: 3
  cols: 3
  data: [1045.8434955375208, 0.0, 1142.5071735995466, 0.0, 1042.9525049487604, 634.6733277890953,
    0.0, 0.0, 1.0]
distortion_coefficients:
  rows: 1
  cols: 5
  data: [-0.021330988062269757, 0.2804109966619446, -0.0001729107378394579, 0.007856738542337325,
    -1.1909785493410985]
rectification_matrix:
  rows: 3
  cols: 3
  data: [1.0, 0.0, 0.0, 0.0, 1.0, 0.0, 0.0, 0.0, 1.0]
projection_matrix:
  rows: 3
  cols: 4
  data: [1045.843505859375, 0.0, 1142.5072021484375, 0.0, 0.0, 1042.9525146484375,
    634.67333984375, 0.0, 0.0, 0.0, 1.0, 0.0]
transforms: {}
