image_width: 1440
image_height: 1080
camera_matrix:
  rows: 3
  cols: 3
  data: [1738.35864036575, 0.0, 724.7904101514661, 0.0, 1737.6050166714958, 493.37318295022175,
    0.0, 0.0, 1.0]
distortion_coefficients:
  rows: 1
  cols: 5
  data: [-0.22939578469470387, -0.40248070063386837, -0.0010788432052770297, -0.00011867363786659298,
    1.967122905103133]
rectification_matrix:
  rows: 3
  cols: 3
  data: [0.9993512835529704, 0.0015229199436446617, 0.035981839528795745, -0.0015778186243154753,
    0.9999976341579805, 0.001497386667062747, -0.03597947400142924, -0.0015531881042499054,
    0.9993513221371617]
projection_matrix:
  rows: 3
  cols: 4
  data: [1709.971316139696, 0.0, 658.1529922485352, 0.0, 0.0, 1709.971316139696, 492.30353927612305,
    0.0, 0.0, 0.0, 1.0, 0.0]
transforms: {}
