image_width: 2208
image_height: 1242
camera_matrix:
  rows: 3
  cols: 3
  data: [1048.7305092767851, 0.0, 1133.216411231726, 0.0, 1049.9606319935644, 637.9925903355735,
    0.0, 0.0, 1.0]
distortion_coefficients:
  rows: 1
  cols: 5
  data: [-0.0232426733947878, 0.03076840608221225, 0.0013165753217553766, 0.005892827141658481,
    0.027641462989847165]
rectification_matrix:
  rows: 3
  cols: 3
  data: [0.9995614730700663, -0.001842143520147113, 0.029554493080584755, 0.001806512422093678,
    0.9999976090179606, 0.0012322626467795488, -0.029556692420972502, -0.0011783317075454262,
    0.9995624109916893]
projection_matrix:
  rows: 3
  cols: 4
  data: [1170.4717722841397, 0.0, 1066.709228515625, 0.0, 0.0, 1170.4717722841397,
    636.113525390625, 0.0, 0.0, 0.0, 1.0, 0.0]
transforms: {}
