image_width: 2208
image_height: 1242
camera_matrix:
  rows: 3
  cols: 3
  data: [1045.8434955365913, 0.0, 1142.5071734892704, 0.0, 1042.9525049568251, 634.6733278278714,
    0.0, 0.0, 1.0]
distortion_coefficients:
  rows: 1
  cols: 5
  data: [-0.021330987905041544, 0.28041099448111717, -0.000172910720760443, 0.007856738508151053,
    -1.1909785410922566]
rectification_matrix:
  rows: 3
  cols: 3
  data: [0.9992396647651082, -0.0016827267035249714, 0.03895203192332158, 0.0017296883302767494,
    0.9999978173436456, -0.0011719582863581202, -0.03894997481891771, 0.0012384420802375158,
    0.9992403943610464]
projection_matrix:
  rows: 3
  cols: 4
  data: [1170.4717722841397, 0.0, 1066.709228515625, -140.33962322126737, 0.0, 1170.4717722841397,
    636.113525390625, 0.0, 0.0, 0.0, 1.0, 0.0]
transforms: {}
